18,4	2,1
20,3	2,1
24,12	2,1
36,9	2,1
40,12	2,1
42,1	2,1  3,1
48,50	3,1
48,48	2,1  4,2
50,4	2,1
52,3	2,1
54,6	3,1
54,5	3,1
54,14	2,1
60,7	2,1
68,3	2,1
72,39	2,1  4,1
72,41	2,1  4,1  4,1  4,1
72,43	2,1
72,15	2,1
72,45	2,1
78,1	2,1  3,1
80,31	2,1
80,50	2,1
84,7	3,1
96,227	4,2
96,70	2,1
96,187	2,1  4,2
96,64	4,1
96,71	2,1
96,72	2,1
96,226	2,1  4,2  4,2  4,2
98,4	2,1
100,12	2,1
100,3	2,1
100,11	2,1  4,1
100,10	2,1
104,12	2,1
108,37	2,1
108,26	3,1
108,25	3,1
110,1	2,1  5,1
114,1	2,1  3,1
116,3	2,1
120,38	2,1
120,41	2,1
126,9	3,1
126,7	2,1
136,12	2,1  4,1
136,13	2,1
140,6	2,1
144,182	4,1  8,3
144,133	2,1
144,120	2,1
144,185	4,1
144,187	2,1  4,1  4,1  4,1  4,1  4,1  4,1
144,189	2,1  4,2
144,109	2,1  4,2
144,191	2,1
147,4	3,1
148,3	2,1
150,5	5,1
150,6	2,1  3,1
156,7	2,1  3,1  4,1  6,2
156,10	2,1
156,8	3,1
160,234	4,2  8,5  8,5  8,5
160,69	2,1
160,236	2,1
160,204	2,1
162,11	3,1
162,19	3,1  9,2  9,2  9,2
162,9	3,1
162,21	3,1
162,40	3,1
162,5	3,1
162,54	2,1
162,13	3,1
162,15	3,1
162,20	3,1
162,43	3,1
162,42	3,1
162,22	3,1
164,3	2,1
168,43	2,1
168,46	2,1
168,9	3,1
168,49	2,1
168,47	3,1
171,3	3,1
180,25	2,1
180,24	2,1
180,6	2,1
180,22	2,1
186,1	2,1  3,1
192,944	4,1  8,2
192,961	2,1  4,2
192,1008	4,2
192,1009	4,2
192,1023	4,2  4,2  4,2  4,2  4,2  4,2  4,2  4,2
192,1470	2,1  4,2  4,2  4,2
192,1537	2,1  4,2  4,2  4,2  4,2  4,2  4,2  4,2
192,1538	4,2  8,5  8,5  8,5
192,1541	3,1
196,8	2,1
200,42	2,1  4,2
200,40	2,1  4,1
200,44	2,1  4,1  4,1  4,1
200,48	2,1
200,46	2,1
200,12	2,1
200,47	2,1
204,6	2,1
208,31	2,1
208,49	2,1
210,3	3,1
212,3	2,1
216,92	6,2
216,155	4,1
216,161	2,1  4,1
216,86	4,1
216,93	2,1
216,54	3,1
216,51	3,1
216,165	2,1
216,90	6,2
216,21	2,1
216,94	2,1
216,169	2,1
216,111	3,1
216,110	3,1
220,10	2,1
220,7	5,1
222,1	2,1  3,1
228,7	3,1
232,12	2,1
234,9	3,1
234,7	2,1
240,191	3,1  5,1
240,192	4,2
240,121	2,1
240,197	2,1  4,2
240,201	2,1
242,4	2,1
244,3	2,1
250,6	5,1
250,5	5,1
250,14	2,1
252,32	2,1
252,30	3,1
258,1	2,1  3,1
260,6	2,1
260,10	2,1
260,8	2,1
260,9	2,1
264,32	2,1
270,15	3,1
270,14	3,1
272,50	2,1  4,1  8,1
272,32	2,1
272,51	4,1
272,52	2,1
280,35	2,1
288,67	4,1
288,334	2,1  4,2
288,394	2,1
288,401	4,1
288,417	2,1
288,634	2,1
288,635	2,1
288,636	2,1
288,835	2,1  4,2  4,2  4,2
288,836	4,2
288,842	4,1
288,864	4,1
288,893	2,1  4,1  4,1
288,894	2,1
288,909	2,1  4,2
288,933	2,1
288,1026	4,2  8,5
288,1027	4,1  8,3  8,3
288,1030	4,1
288,1032	2,1  4,1  4,1  4,1  4,1  4,1  4,1  4,1  4,1  4,1  4,1  4,1  4,1
288,1034	2,1  4,2  4,2  4,2
288,1036	4,2
288,1039	2,1
292,3	2,1
294,7	7,1
294,12	2,1
294,10	3,1
294,14	2,1  3,1
294,11	2,1
294,1	2,1  3,1
294,13	2,1  3,1  6,2
296,12	2,1
300,24	2,1  3,1  4,1  6,2
300,23	2,1  3,1  4,1  6,2  10,1  10,1
300,35	2,1
300,6	2,1
300,34	2,1
300,33	2,1
300,26	5,1
300,27	3,1
310,1	2,1  5,1
312,48	2,1
312,10	3,1
312,51	2,1
312,45	6,2
312,49	3,1
312,53	2,1
320,187	2,1
320,1026	2,1
320,1058	2,1
320,1591	2,1
320,1635	16,11
320,1636	4,2  8,5  8,5  8,5  8,5  8,5  8,5  16,14  16,14  16,14
320,1638	2,1
324,160	3,1  9,2
324,35	2,1
324,164	2,1  4,1
324,163	2,1
324,112	2,1
324,69	3,1
324,77	3,1  9,2  9,2  9,2
324,67	3,1
324,79	3,1
324,63	3,1
324,144	3,1
324,71	3,1
324,146	3,1
324,73	3,1
324,78	3,1
324,147	3,1
324,80	3,1
328,12	2,1  4,1
328,13	2,1
330,3	5,1
333,3	3,1
336,10	3,1
336,216	3,1
336,215	2,1  4,2
336,123	3,1
338,4	2,1
340,6	2,1
340,10	2,1
340,8	2,1
340,9	2,1
342,7	2,1  3,1  6,2  9,1
342,11	3,1
342,9	2,1
348,6	2,1
356,3	2,1
360,125	2,1  4,1
360,124	4,1
360,136	2,1  4,1
360,141	2,1
360,41	2,1
360,131	2,1  4,2
360,150	2,1
360,149	2,1
360,44	2,1
360,147	2,1
364,6	2,1
366,1	2,1  3,1
372,7	3,1
378,12	2,1
378,18	3,1
378,19	3,1
378,20	3,1
378,22	3,1
378,38	3,1
378,39	3,1
378,51	3,1
378,47	2,1
380,6	2,1
388,3	2,1
390,3	3,1
392,36	2,1  4,1
392,38	2,1  4,1  4,1  4,1
392,40	2,1
396,18	2,1
400,206	4,2  4,1  8,2
400,126	2,1
400,159	2,1
400,145	2,1
400,152	2,1
400,31	2,1
400,134	2,1
400,210	2,1  4,2  4,2
400,208	4,1
400,212	2,1  4,1  4,1  4,1  4,1  4,1  4,1
400,217	2,1
400,215	2,1
400,53	2,1
400,216	2,1
402,1	2,1  3,1
404,3	2,1
406,1	2,1  7,1
408,34	4,1
408,37	2,1
408,40	2,1
410,1	2,1  5,1
416,69	2,1
416,203	2,1
416,233	2,1
420,15	6,2
420,23	2,1
420,19	3,1
424,12	2,1
432,118	3,1
432,123	3,1
432,224	2,1  4,2
432,350	3,1
432,354	3,1
432,529	4,1
432,533	6,2  12,5
432,535	6,2  12,5
432,536	2,1  4,2
432,537	2,1  4,2
432,558	3,1
432,559	3,1
432,593	2,1
432,638	2,1
432,738	4,1  8,3
432,743	4,2
432,752	4,1
432,758	2,1  4,1  4,1
432,762	2,1  4,2
432,766	2,1
436,3	2,1
438,1	2,1  3,1
440,9	5,1
440,42	5,1
440,46	2,1
444,7	2,1  3,1  4,1  6,2
444,10	2,1
444,8	3,1
448,1393	7,1
450,11	5,1
450,24	3,1
450,21	5,1
450,22	2,1
452,3	2,1
456,43	2,1
456,9	3,1
456,46	2,1
456,44	3,1
460,6	2,1
462,3	3,1
464,31	2,1
464,49	2,1
465,1	3,1  5,1
468,30	6,2
468,40	2,1
468,10	2,1
468,38	2,1
468,41	2,1
468,29	4,1
468,35	3,1
474,1	2,1  3,1
476,6	2,1
480,258	4,1
480,299	2,1
480,1026	2,1  4,2
480,1064	2,1
480,1188	10,1
480,1191	4,2  8,5
480,1195	4,2  8,5  8,5  8,5
480,1199	2,1  4,2  4,2  4,2
480,1201	4,2
480,1206	2,1
484,8	2,1
486,31	9,1
486,35	3,1
486,36	9,1
486,37	3,1
486,103	9,2
486,146	3,1
486,167	3,1
486,185	3,1  9,2  9,2  9,2  9,2  9,2  9,2  9,2  9,2  9,2
486,52	3,1  9,2  9,2  9,2  9,2  9,2  9,2  9,2  9,2  9,2
486,236	9,2
486,238	9,2
486,34	3,1
486,25	3,1
486,56	3,1
486,142	3,1
486,141	3,1
486,144	3,1
486,155	3,1
486,157	3,1
486,137	3,1
486,154	3,1
486,158	3,1
486,159	3,1
486,242	3,1
486,17	3,1
486,57	3,1
486,260	2,1
486,41	9,1
486,189	3,1  9,2  9,2  9,2
486,179	9,2
486,129	9,2
486,127	9,2
486,178	9,2
486,176	9,2
486,177	9,2
486,53	3,1
486,54	3,1
486,148	3,1
486,46	3,1
486,187	3,1
486,245	3,1
486,43	3,1
486,173	3,1
486,151	3,1
486,170	3,1
486,38	9,1
486,105	9,2
486,55	3,1  9,2  9,2  9,2
486,27	3,1
486,29	3,1
486,58	3,1
486,59	3,1
486,163	3,1
486,162	3,1
486,244	3,1
486,175	3,1
486,39	9,1
486,40	9,1
486,131	9,2
486,44	3,1
486,49	3,1
486,186	3,1
486,45	3,1
486,188	3,1
486,48	3,1
486,47	3,1
488,12	2,1
492,6	2,1
500,46	2,1
500,18	5,1  10,2
500,17	5,1  10,2
500,21	2,1  5,1  10,1  10,2
500,23	2,1  10,1  10,1  10,1  10,1  10,1  10,1
500,24	2,1
500,49	2,1
500,45	2,1
500,47	2,1
500,3	2,1
500,22	2,1
500,48	2,1  4,1
500,19	2,1
500,20	2,1
500,31	5,1
500,30	5,1
504,55	2,1
504,87	3,1
504,158	2,1
504,160	6,2
504,165	4,1
504,171	2,1  4,1
504,177	2,1
504,180	3,1
504,182	2,1
504,188	2,1
506,1	2,1  11,1
507,4	3,1
513,13	3,1
516,7	3,1
520,36	2,1  4,2
520,41	2,1
520,42	2,1
520,43	2,1
520,44	2,1
528,162	2,1  4,2
540,6	2,1
540,37	6,2
540,38	6,2
540,39	2,1
540,71	3,1
540,72	3,1
540,92	2,1
540,97	2,1
540,98	2,1
544,70	2,1
544,204	4,1
544,212	2,1
544,242	8,1
544,243	4,1
544,244	2,1
546,3	3,1
546,5	2,1
546,6	2,1
546,8	3,1
546,9	2,1
546,10	2,1
546,11	2,1  3,1
546,12	2,1  3,1
548,3	2,1
550,7	2,1
550,9	5,1
552,32	2,1
558,7	2,1
558,9	3,1
560,105	2,1
560,175	2,1
570,3	3,1
572,6	2,1
578,4	2,1
580,7	2,1
580,8	2,1
580,9	2,1
580,10	2,1
582,1	2,1  3,1
584,12	2,1  4,1
584,13	2,1
588,7	3,1
588,33	2,1  3,1  4,1  6,2
588,34	2,1  3,1  4,1  6,2
588,37	4,2
588,38	4,2
588,39	7,1
588,42	3,1
588,45	3,1
588,46	3,1
588,48	2,1
592,31	2,1
592,49	2,1
594,14	3,1
594,15	3,1
596,3	2,1
600,35	2,1
600,38	2,1
600,64	5,1
600,69	3,1
600,148	2,1  3,1  4,1  6,2  8,1  12,2
600,149	2,1  3,1  4,1  6,2  8,1  12,2
600,150	2,1  3,1  4,1  6,2  8,4
600,151	6,2  12,4
600,152	2,1  6,2  10,1  10,1
600,153	6,2
600,156	4,1
600,162	2,1  4,2
600,173	2,1  4,1
600,175	5,1
600,178	2,1
600,179	10,2
600,180	3,1
600,183	2,1
600,189	2,1
600,190	2,1
600,191	2,1
602,1	2,1  7,1
605,4	5,1
610,1	2,1  5,1
612,6	2,1
612,21	2,1
612,23	2,1
612,24	2,1
618,1	2,1  3,1
620,7	5,1
620,10	2,1
624,11	3,1
624,120	6,2
624,139	3,1
624,163	2,1
624,238	4,2
624,239	6,2
624,241	4,1
624,245	2,1  4,2
624,246	3,1
624,250	2,1
628,3	2,1
630,19	3,1
636,6	2,1
654,1	2,1  3,1
656,32	2,1
656,50	4,1
656,51	2,1
657,3	3,1
660,19	5,1
660,24	2,1
666,7	2,1  3,1  6,2  9,1
666,9	2,1
666,11	3,1
676,3	2,1
676,10	2,1  4,1
676,11	2,1
676,12	2,1
680,37	2,1  4,1
680,38	2,1  4,1
680,39	4,1
680,40	2,1  4,2
680,45	2,1
680,46	2,1
680,47	2,1
680,48	2,1
684,28	9,1
684,31	3,1
684,35	3,1
684,37	2,1
686,5	7,1
686,6	7,1
686,14	2,1
692,3	2,1
696,35	2,1
696,38	2,1
700,6	2,1
700,21	2,1
700,23	2,1
700,25	2,1
702,12	2,1
702,18	3,1
702,19	3,1
702,20	3,1
702,22	3,1
702,38	3,1
702,39	3,1
702,47	2,1  13,1
702,49	2,1
702,53	3,1
710,1	2,1  5,1
712,12	2,1  4,1
712,13	2,1
714,3	3,1
722,4	2,1
724,3	2,1
726,5	11,1
726,6	2,1  3,1
728,35	2,1
732,7	2,1  3,1  4,1  6,2
732,8	3,1
732,10	2,1
740,7	2,1
740,8	2,1
740,9	2,1
740,10	2,1
744,9	3,1
744,43	2,1
744,44	3,1
744,46	2,1
748,6	2,1
750,5	5,1
750,19	5,1
750,20	5,1
750,27	5,1  25,2  25,2  25,2  25,2
750,30	3,1
756,81	3,1
756,82	3,1
756,83	3,1
756,85	3,1
756,127	3,1
756,128	3,1
756,151	6,2
756,162	3,1
756,166	2,1
760,34	2,1
762,1	2,1  3,1
770,3	5,1
772,3	2,1
774,7	2,1
774,9	3,1
776,12	2,1  4,1
776,13	2,1
780,16	3,1  6,2
780,17	3,1  6,2
780,18	6,2
780,19	6,2
780,23	3,1
780,32	2,1
780,33	2,1
780,34	2,1
780,35	2,1
784,110	2,1
784,114	2,1
784,160	2,1  4,1  8,1
784,162	2,1  4,1  4,1  4,1  8,4  8,1  8,4
784,164	4,1
784,166	2,1  4,1  4,1  4,1  4,1  4,1  4,1
784,168	2,1
788,3	2,1
792,38	2,1
792,109	4,1
792,115	2,1  4,1
792,120	2,1
792,125	2,1
798,3	3,1
798,5	2,1
798,6	2,1
798,8	3,1
798,9	2,1
798,10	2,1
798,11	2,1  3,1
798,12	2,1  3,1
804,7	3,1
808,12	2,1
810,29	3,1
810,33	3,1
810,35	3,1
810,37	3,1
810,39	3,1
810,50	3,1  9,2  9,2  9,2
810,51	3,1
810,52	3,1
810,53	3,1
810,88	3,1
810,90	3,1
810,91	3,1
810,101	9,2  27,5  27,5  27,5  27,5
810,102	2,1  5,1
812,7	2,1  4,1  7,1  14,2
812,8	7,1
812,11	2,1
816,117	2,1
816,186	8,1
816,188	4,2
816,192	4,1
816,195	2,1  4,2
816,198	2,1
820,7	2,1  4,1  5,1  10,2
820,8	5,1
820,12	2,1
820,13	2,1
820,14	2,1
820,15	2,1
828,18	2,1
834,1	2,1  3,1
840,35	3,1
840,142	6,2
840,155	2,1
840,158	3,1
840,168	2,1
848,31	2,1
848,49	2,1
858,3	3,1
860,6	2,1
872,12	2,1
876,7	2,1  3,1  4,1  6,2
876,8	3,1
876,10	2,1
880,10	5,1
880,116	5,1
880,145	2,1
880,210	5,1
880,216	2,1
882,7	2,1
882,9	3,1
882,17	7,1
882,34	21,1
882,36	9,2
882,39	7,1
882,43	2,1
882,44	2,1
882,45	2,1
882,46	2,1
882,50	3,1
882,55	3,1
882,56	3,1
884,7	2,1
884,8	2,1
884,9	2,1
884,10	2,1
888,10	3,1
888,45	6,2
888,48	2,1
888,49	3,1
888,51	2,1
888,53	2,1
903,1	3,1  7,1
904,12	2,1  4,1
904,13	2,1
906,1	2,1  3,1
912,10	3,1
912,122	3,1
912,209	2,1  4,2
912,210	3,1
915,1	3,1  5,1
916,3	2,1
918,14	3,1
918,15	3,1
920,34	2,1
924,16	3,1
928,69	2,1
928,203	2,1
928,233	2,1
930,1	2,1  3,1  5,1  6,2  10,2  15,1
930,5	5,1
930,8	3,1
932,3	2,1
936,58	2,1
936,63	2,1
936,94	3,1
936,169	6,2
936,172	6,2
936,176	2,1  4,1
936,177	4,1
936,182	2,1  4,2
936,188	2,1  4,1
936,193	2,1
936,196	3,1
936,198	2,1
936,205	2,1
936,207	2,1
936,208	2,1
940,6	2,1
942,1	2,1  3,1
948,7	3,1
952,33	4,1
952,37	2,1
964,3	2,1
966,3	3,1
968,35	2,1  4,1
968,37	2,1  4,1  4,1  4,1
968,38	2,1
976,31	2,1
976,49	2,1
978,1	2,1  3,1
980,6	2,1
980,21	2,1
980,22	2,1
980,23	2,1
981,3	3,1
984,34	4,1
984,37	2,1
984,40	2,1
988,6	2,1
990,3	5,1
990,17	5,1
994,1	2,1  7,1
999,13	3,1
1000,12	2,1
1000,55	5,1
1000,58	5,1
1000,86	2,1  4,1
1000,89	10,2  20,4
1000,90	2,1  4,2
1000,96	10,2
1000,97	10,2
1000,98	2,1
1000,99	2,1
1000,100	2,1  10,1  10,2
1000,101	2,1
1000,102	2,1  10,1  10,1  10,1  10,1  10,1  10,1
1000,103	2,1
1000,109	5,1
1000,110	5,1
1000,163	2,1  4,1
1000,164	2,1  4,1
1000,165	4,1
1000,168	2,1  4,2
1000,170	2,1  4,2
1000,172	2,1  4,2
1000,182	2,1  4,1
1000,188	2,1
1000,189	2,1
1000,190	2,1
1000,191	2,1
1000,192	2,1
1010,1	2,1  5,1
1012,7	11,1
1014,1	2,1  3,1
1014,7	13,1
1014,9	2,1  3,1  6,2
1014,10	2,1  3,1
1014,11	2,1
1014,12	2,1
1014,13	3,1
1020,18	2,1
1020,19	2,1
1020,20	2,1
1020,21	2,1
1026,14	2,1
1026,20	3,1
1026,21	3,1
1026,22	3,1
1026,24	3,1
1026,40	3,1
1026,41	3,1
1026,49	6,2
1026,51	9,1
1026,53	2,1
1026,57	3,1
1028,3	2,1
1029,11	3,1  7,1  7,1  7,1  7,1  7,1  7,1  7,1  7,1
1029,13	7,1
1029,14	7,1
1029,17	3,1
1032,9	3,1
1032,43	2,1
1032,44	3,1
1032,46	2,1
1036,6	2,1
1040,94	2,1
1040,130	2,1
1040,137	2,1
1040,144	2,1
1040,151	2,1
1040,217	2,1  4,2  4,2
1040,223	2,1
1040,224	2,1
1040,225	2,1
1040,226	2,1
1044,6	2,1
1044,21	2,1
1044,23	2,1
1044,24	2,1
1050,3	3,1
1050,14	5,1
1050,19	3,1
1050,21	2,1
1050,23	3,1
1050,24	2,1
1050,25	2,1  3,1
1053,51	3,1  9,2
1058,4	2,1
1060,7	2,1
1060,8	2,1
1060,9	2,1
1060,10	2,1
1068,6	2,1
1076,3	2,1
1083,4	3,1
1086,1	2,1  3,1
1092,27	6,2
1092,29	4,1
1092,30	4,1
1092,31	6,2
1092,32	2,1  4,1  6,2
1092,33	2,1  4,1  6,2
1092,36	4,2
1092,37	4,2
1092,40	3,1
1092,45	3,1
1092,48	3,1
1092,49	3,1
1092,53	2,1
1096,14	2,1
1096,15	2,1  4,1
1098,7	2,1
1098,9	3,1
1100,10	2,1
1100,27	10,2
1100,31	5,1
1100,36	2,1
1100,38	2,1
1100,40	2,1
1104,162	2,1  4,2
1108,3	2,1
1110,3	3,1
1116,30	3,1
1116,32	2,1
1124,3	2,1
1128,32	2,1
1134,17	2,1
1134,43	3,1
1134,44	3,1
1134,45	3,1
1134,50	3,1
1134,51	3,1
1134,52	3,1
1134,57	3,1
1134,103	3,1
1134,107	3,1
1134,109	3,1
1134,111	3,1
1134,113	3,1
1134,124	3,1  9,2  9,2  9,2
1134,125	3,1
1134,126	3,1
1134,127	3,1
1134,142	2,1
1134,147	2,1
1134,166	9,2
1134,167	9,2
1134,180	3,1
1134,181	3,1
1134,182	3,1
1134,183	3,1
1134,187	3,1
1134,224	3,1
1134,226	3,1
1134,227	3,1
1134,237	2,1
1134,243	3,1
1140,15	6,2
1140,19	3,1
1140,23	2,1
1143,3	3,1
1144,34	2,1
1148,6	2,1
1156,3	2,1
1156,10	2,1  4,1
1156,11	2,1
1156,12	2,1
1158,1	2,1  3,1
1160,36	2,1  4,2
1160,41	2,1
1160,42	2,1
1160,43	2,1
1160,44	2,1
1164,7	2,1  3,1  4,1  6,2
1164,8	3,1
1168,46	2,1
1168,51	2,1
1168,53	4,1
1170,19	3,1
1172,3	2,1
1176,9	3,1
1176,42	2,1
1176,45	2,1
1176,46	3,1
1176,48	2,1
1176,100	7,1
1176,115	3,1
1176,130	3,1
1176,135	3,1
1176,213	2,1  3,1  4,1  6,2  8,1  12,2
1176,214	14,1
1176,215	2,1  3,1  4,1  6,2  8,4  14,1  14,1
1176,217	8,3
1176,218	2,1  3,1  4,1  4,1  4,1  6,2  8,4  12,2  12,2  12,2
1176,220	2,1
1176,221	2,1
1176,223	2,1  6,2
1176,224	6,2
1176,230	4,1
1176,236	2,1  4,1
1176,239	7,1
1176,242	2,1
1176,243	14,2
1176,245	3,1
1176,246	3,1
1176,249	3,1
1176,253	2,1
1176,254	2,1
1176,255	2,1
1176,256	2,1
1176,261	2,1
1180,6	2,1
1184,215	2,1
1184,224	2,1
1184,235	2,1
1188,58	3,1
1188,59	3,1
1188,78	2,1
1192,14	2,1
1194,1	2,1  3,1
1196,6	2,1
1197,7	3,1
1197,8	3,1
1204,7	7,1
1206,7	2,1
1206,9	3,1
1210,1	2,1  5,1
1210,7	11,1
1210,9	2,1  5,1  10,2
1210,10	2,1  5,1
1210,11	2,1  5,1
1210,12	2,1
1210,13	2,1
1210,14	2,1
1210,15	2,1
1210,16	5,1
1212,6	2,1
1218,3	7,1
1218,7	3,1
1220,7	2,1  4,1  5,1  10,2
1220,8	5,1
1220,12	2,1
1220,13	2,1
1220,14	2,1
1220,15	2,1
1224,40	4,1
1224,43	2,1
1224,46	2,1
1224,121	4,1
1224,122	2,1  4,1
1224,124	2,1  4,1
1224,125	2,1  4,1
1224,126	2,1  4,1
1224,127	4,1
1224,132	2,1  4,2
1224,138	2,1  4,1
1224,143	2,1
1224,149	2,1
1224,151	2,1
1224,152	2,1
1230,3	5,1
1236,7	3,1
1240,9	5,1
1240,42	5,1
1240,46	2,1
1242,14	3,1
1242,15	3,1
1250,27	5,1
1250,29	5,1  25,2  25,2  25,2  25,2  25,2
1250,30	5,1  25,2  25,2  25,2  25,2  25,2
1250,44	5,1
1250,20	5,1
1250,26	5,1
1250,31	5,1
1250,33	5,1
1250,34	5,1
1250,36	5,1
1250,49	5,1
1250,50	5,1
1250,54	2,1
1252,3	2,1
1254,3	3,1
1256,14	2,1
1260,22	2,1
1260,66	6,2
1260,81	3,1
1260,87	2,1
1260,91	2,1
1260,93	2,1
1266,1	2,1  3,1
1268,3	2,1
1272,35	2,1
1272,38	2,1
1276,6	2,1
1290,3	3,1
1292,6	2,1
1300,6	2,1
1300,8	2,1
1300,9	2,1
1300,10	2,1
1300,29	2,1
1300,30	2,1
1300,31	2,1
1300,33	2,1
1300,34	2,1
1300,36	2,1
1300,37	2,1
1300,38	2,1
1300,39	2,1
1302,3	3,1
1302,5	2,1
1302,6	2,1
1302,8	3,1
1302,9	2,1
1302,10	2,1
1302,11	2,1  3,1
1302,12	2,1  3,1
1308,7	2,1  3,1  4,1  6,2
1308,8	3,1
1308,10	2,1
1310,1	2,1  5,1
1312,215	2,1
1312,224	2,1
1312,239	4,1
1314,7	2,1  3,1  6,2  9,1
1314,9	2,1
1314,11	3,1
1320,35	5,1
1320,140	10,2
1320,146	5,1
1320,157	2,1
1320,165	2,1
1326,3	3,1
1332,10	2,1
1332,31	2,1  3,1  4,1  6,2  9,1  12,2  18,2
1332,32	9,1
1332,33	4,1
1332,34	6,2
1332,37	3,1
1332,41	3,1
1332,44	2,1
1332,46	2,1
1332,47	2,1
1338,1	2,1  3,1
1340,6	2,1
1348,3	2,1
1350,14	3,1
1350,15	3,1
1350,23	5,1
1350,42	15,1
1350,43	15,1
1350,44	5,1
1350,45	5,1
1350,51	2,1
1350,56	3,1
1350,57	3,1
1350,59	3,1
1350,81	3,1
1350,82	3,1
1350,94	5,1
1350,95	2,1
1350,99	3,1
1352,12	2,1
1352,40	2,1  4,1
1352,41	2,1  4,2
1352,44	2,1  4,1  4,1  4,1
1352,46	2,1
1352,47	2,1
1352,48	2,1
1356,6	2,1
1360,134	2,1
1360,141	2,1
1360,148	2,1
1360,155	2,1
1360,221	4,1  8,1
1360,222	4,1  8,1
1360,223	8,1
1360,225	4,1  8,2
1360,228	4,1
1360,229	4,1
1360,230	4,1
1360,231	2,1  4,2  4,2
1360,237	2,1
1360,238	2,1
1360,239	2,1
1360,240	2,1
1360,98	2,1
1368,165	9,1
1368,166	6,2
1368,168	6,2
1368,175	4,1
1368,181	2,1  4,1
1368,186	2,1
1368,189	3,1
1368,191	2,1
1368,197	2,1
1368,55	2,1
1368,69	9,1
1368,96	3,1
1372,19	7,1
1372,20	7,1
1372,31	2,1
1374,1	2,1  3,1
1378,1	2,1  13,1
1380,13	2,1
1384,14	2,1
1386,19	3,1
1392,115	2,1
1392,183	4,2
1392,188	2,1  4,2
1392,191	2,1
1395,5	5,1
1396,3	2,1
1400,35	2,1
1400,115	4,1
1400,120	2,1  4,2
1400,132	2,1  4,1
1400,138	2,1
1400,140	2,1
1400,142	2,1
1404,10	2,1
1404,64	4,1
1404,65	6,2
1404,66	6,2
1404,67	6,2
1404,69	6,2
1404,95	3,1
1404,96	3,1
1404,97	3,1
1404,99	3,1
1404,105	6,2
1404,106	6,2
1404,107	2,1
1404,151	3,1
1404,152	3,1
1404,176	13,1
1404,178	4,1
1404,180	6,2
1404,182	3,1  6,2
1404,183	6,2
1404,194	3,1
1404,198	2,1
1404,203	2,1
1404,204	2,1
1412,3	2,1
1416,32	2,1
1420,7	5,1
1420,10	2,1
1422,7	2,1
1422,9	3,1
1424,46	2,1
1424,51	2,1
1424,53	4,1
1428,14	6,2
1428,18	3,1
1428,22	2,1
1430,3	5,1
1444,8	2,1
1446,1	2,1  3,1
1448,14	2,1
1452,20	2,1  3,1  4,1  6,2
1452,21	2,1  3,1  4,1  6,2
1452,23	11,1
1452,24	3,1
1452,26	2,1
1456,105	2,1
1456,174	2,1
1460,7	2,1
1460,8	2,1
1460,9	2,1
1460,10	2,1
1464,10	3,1
1464,45	6,2
1464,48	2,1
1464,49	3,1
1464,51	2,1
1464,53	2,1
1467,3	3,1
1470,3	3,1
1470,14	7,1
1470,24	3,1
1470,25	3,1
1470,28	3,1
1474,1	2,1  11,1
1476,6	2,1
1476,21	2,1
1476,23	2,1
1476,24	2,1
1480,36	2,1  4,2
1480,41	2,1
1480,42	2,1
1480,43	2,1
1480,44	2,1
1482,3	3,1
1482,5	2,1
1482,6	2,1
1482,8	3,1
1482,9	2,1
1482,10	2,1
1482,11	2,1  3,1
1482,12	2,1  3,1
1484,6	2,1
1488,10	3,1
1488,122	3,1
1488,209	2,1  4,2
1488,210	3,1
1492,3	2,1
1496,33	4,1
1496,36	2,1
1500,6	2,1
1500,36	6,2
1500,38	5,1
1500,53	10,2
1500,54	10,2
1500,55	2,1
1500,56	2,1
1500,57	2,1  10,1  10,2
1500,58	2,1
1500,59	2,1  10,1  10,1  10,1  10,1  10,1  10,1
1500,60	2,1
1500,91	5,1
1500,92	5,1
1500,113	10,2
1500,115	2,1  3,1  6,2  10,1  10,1  10,1  10,1  10,1  10,1  50,4  50,4  50,4  50,4
1500,116	2,1  6,2  10,1  10,1
1500,118	3,1  6,2
1500,119	3,1  6,2
1500,120	6,2
1500,121	6,2
1500,123	5,1
1500,130	5,1  25,2  25,2  25,2  25,2
1500,132	3,1
1500,147	2,1
1500,148	2,1
1500,149	2,1
1500,150	2,1
1500,151	2,1
1508,7	2,1
1508,8	2,1
1508,9	2,1
1508,10	2,1
1510,1	2,1  5,1
1518,3	11,1
1520,105	2,1
1520,173	2,1
1524,7	3,1
1539,52	3,1
1539,60	3,1
1540,16	5,1
1540,21	2,1
1544,14	2,1
1544,15	2,1  4,1
1548,30	3,1
1548,32	2,1
1550,7	2,1
1550,9	5,1
1552,46	2,1
1552,51	2,1
1552,53	4,1
1552,54	2,1  4,1  8,1
1554,3	3,1
1554,5	2,1
1554,6	2,1
1554,8	3,1
1554,9	2,1
1554,10	2,1
1554,11	2,1  3,1
1554,12	2,1  3,1
1556,3	2,1
1560,39	3,1
1560,150	6,2  12,5
1560,155	6,2
1560,156	6,2
1560,157	6,2
1560,158	6,2
1560,164	2,1  4,2
1560,182	2,1
1560,185	3,1
1560,200	2,1
1560,201	2,1
1560,202	2,1
1560,203	2,1
1564,6	2,1
1566,14	3,1
1566,15	3,1
1576,14	2,1
1580,6	2,1
1582,1	2,1  7,1
1588,3	2,1
1596,27	4,2
1596,28	4,2
1596,31	3,1
1596,36	3,1
1596,39	3,1
1596,40	3,1
1604,3	2,1
1608,9	3,1
1608,43	2,1
1608,44	3,1
1608,46	2,1
1612,6	2,1
1616,46	2,1
1616,51	2,1
1624,10	7,1
1624,43	14,2
1624,44	7,1
1624,51	2,1
1626,1	2,1  3,1
1628,6	2,1
1629,3	3,1
1636,3	2,1
1638,27	9,2
1638,33	2,1
1638,34	2,1
1638,37	2,1
1638,38	2,1
1638,39	2,1
1638,40	2,1
1638,44	3,1
1638,52	3,1
1638,55	3,1
1638,56	3,1
1640,10	5,1
1640,47	2,1  4,1  5,1  8,1  10,2  20,2
1640,48	10,2
1640,49	5,1
1640,51	2,1  4,1
1640,52	2,1  4,1
1640,53	4,1
1640,54	2,1  4,2
1640,60	2,1
1640,61	2,1
1640,62	2,1
1640,63	2,1
1644,6	2,1
1650,19	5,1
1650,21	5,1
1650,24	3,1
1656,38	2,1
1656,109	4,1
1656,115	2,1  4,1
1656,120	2,1
1656,125	2,1
1660,6	2,1
1662,1	2,1  3,1
1668,7	3,1
1674,12	2,1
1674,18	3,1
1674,19	3,1
1674,20	3,1
1674,22	3,1
1674,38	3,1
1674,39	3,1
1674,47	2,1
1674,51	3,1
1682,4	2,1
1684,3	2,1
1692,18	2,1
1696,215	2,1
1696,224	2,1
1696,235	2,1
1698,1	2,1  3,1
1700,6	2,1
1700,8	2,1
1700,9	2,1
1700,10	2,1
1700,29	2,1
1700,30	2,1
1700,31	2,1
1700,33	2,1
1700,34	2,1
1700,36	2,1
1700,37	2,1
1700,38	2,1
1700,39	2,1
1704,32	2,1
1708,6	2,1
1710,15	9,1
1710,23	3,1
1716,14	6,2
1716,18	3,1
1716,22	2,1
1720,34	2,1
1722,3	3,1
1732,3	2,1
1734,5	17,1
1734,6	2,1  3,1
1740,18	2,1
1740,19	2,1
1740,20	2,1
1740,21	2,1
1744,46	2,1
1744,51	2,1
1746,7	2,1
1746,9	3,1
1750,14	5,1
1750,15	5,1
1752,10	3,1
1752,45	2,1  3,1  4,1  6,2  8,1  12,2
1752,46	6,2
1752,48	4,1
1752,51	2,1
1752,52	3,1
1752,54	2,1
1752,56	2,1
1764,30	3,1
1764,32	2,1
1764,64	2,1
1764,70	7,1
1764,79	2,1
1764,133	6,2  9,2  18,5
1764,136	21,1
1764,137	9,2
1764,140	2,1  4,1  6,2  6,2  6,2
1764,141	4,1
1764,142	6,2
1764,147	4,2
1764,148	4,2
1764,172	7,1
1764,182	3,1
1764,183	3,1
1764,186	3,1
1764,192	2,1
1764,195	2,1
1764,196	2,1
1768,37	2,1  4,1
1768,38	2,1  4,1
1768,39	4,1
1768,40	2,1  4,2
1768,45	2,1
1768,46	2,1
1768,47	2,1
1768,48	2,1
1776,11	3,1
1776,120	6,2
1776,139	3,1
1776,163	2,1
1776,238	4,2
1776,239	6,2
1776,241	4,1
1776,245	2,1  4,2
1776,246	3,1
1776,250	2,1
1778,1	2,1  7,1
1780,7	2,1
1780,8	2,1
1780,9	2,1
1780,10	2,1
1782,29	3,1
1782,33	3,1
1782,35	3,1
1782,37	3,1
1782,39	3,1
1782,50	3,1  9,2  9,2  9,2
1782,51	3,1
1782,52	3,1
1782,53	3,1
1782,88	3,1
1782,90	3,1
1782,91	3,1
1788,6	2,1
1791,3	3,1
1794,3	3,1
1796,3	2,1
1804,6	2,1
1806,1	2,1  3,1  6,2  7,1  14,2  21,2
1806,5	7,1
1806,9	3,1
1806,11	2,1
1806,12	2,1
1806,14	3,1
1806,15	2,1
1806,16	2,1
1806,17	2,1  3,1
1806,18	2,1  3,1
1808,46	2,1
1808,51	2,1
1808,53	4,1
1808,54	2,1  4,1  8,1
1810,1	2,1  5,1
1812,7	3,1
1815,3	3,1  5,1
1820,16	2,1
1820,17	2,1
1820,18	2,1
1820,20	2,1
1828,3	2,1
1830,1	2,1  3,1  5,1  6,2  10,2  15,1
1830,5	5,1
1830,8	3,1
1832,14	2,1
1836,6	2,1
1836,36	6,2
1836,37	6,2
1836,38	2,1
1836,70	3,1
1836,71	3,1
1836,90	2,1
1836,95	2,1
1836,96	2,1
1840,105	2,1
1840,173	2,1
1842,1	2,1  3,1
1844,3	2,1
1848,32	3,1
1848,135	2,1
1848,138	3,1
1854,7	2,1
1854,9	3,1
1860,20	15,1
1860,24	5,1
1860,26	6,2
1860,30	5,1
1860,33	3,1
1860,38	2,1
1864,14	2,1
1864,15	2,1  4,1
1870,3	5,1
1875,21	3,1
1878,1	2,1  3,1
1880,34	2,1
1884,7	2,1  3,1  4,1  6,2
1884,8	3,1
1884,10	2,1
1890,46	3,1
1890,47	3,1
1890,48	3,1
1890,50	3,1
1890,80	3,1
1890,81	3,1
1890,103	3,1
1896,9	3,1
1896,43	2,1
1896,44	3,1
1896,46	2,1
1900,6	2,1
1900,21	2,1
1900,23	2,1
1900,25	2,1
1904,107	2,1
1904,173	8,1
1904,177	4,1
1904,181	2,1
1908,6	2,1
1908,21	2,1
1908,23	2,1
1908,24	2,1
1910,1	2,1  5,1
1922,4	2,1
1924,7	2,1
1924,8	2,1
1924,9	2,1
1924,10	2,1
1928,14	2,1
1928,15	2,1  4,1
1932,16	3,1
1936,109	2,1
1936,113	2,1
1936,159	4,1  8,3
1936,160	4,1
1936,162	2,1  4,1  4,1  4,1  4,1  4,1  4,1
1936,163	2,1
1938,3	3,1
1940,7	2,1
1940,8	2,1
1940,9	2,1
1940,10	2,1
1950,3	3,1
1950,14	5,1
1950,19	3,1
1950,21	2,1
1950,23	3,1
1950,24	2,1
1950,25	2,1  3,1
1952,215	2,1
1952,224	2,1
1952,235	2,1
1956,7	3,1
1958,1	2,1  11,1
1960,35	2,1
1960,113	2,1  4,1
1960,114	4,1
1960,119	2,1  4,2
1960,125	2,1  4,1
1960,131	2,1
1960,132	2,1
1960,133	2,1
1962,7	2,1  3,1  6,2  9,1
1962,9	2,1
1962,11	3,1
1968,117	2,1
1968,186	4,2
1968,190	4,1
1968,193	2,1  4,2
1968,196	2,1
1971,15	3,1
1972,7	2,1
1972,8	2,1
1972,9	2,1
1972,10	2,1
1974,3	3,1
1976,34	2,1
1980,17	5,1
1980,22	2,1
1980,60	10,2
1980,71	5,1
1980,78	2,1
1980,82	2,1
1980,84	2,1
1986,1	2,1  3,1
1988,7	7,1
1992,32	2,1
1998,14	2,1
1998,20	3,1
1998,21	3,1
1998,22	3,1
1998,24	3,1
1998,40	3,1
1998,41	3,1
1998,49	6,2
1998,51	9,1
1998,53	2,1
1998,57	3,1
384,4	2,1  8,5  8,5  8,5  8,5
384,5	2,1
384,6	2,1
384,568	8,1
384,584	2,1
384,589	2,1
384,590	2,1
384,591	2,1
384,592	2,1
384,593	2,1
384,594	2,1
384,595	2,1
384,5558	4,1  8,2  16,2  16,2
384,5611	2,1  4,2
384,17861	4,1  8,2  8,2  8,2
384,17865	2,1  4,2  4,2  4,2
384,18015	2,1  4,2  4,2  4,2
384,18123	8,2
384,18221	2,1
384,18222	2,1
384,18223	2,1
384,18224	2,1
384,18235	2,1  8,5  8,5  8,5  8,5
384,18236	2,1
384,18237	2,1
384,18238	2,1
384,18239	2,1
384,20049	2,1  4,2  4,2  4,2  4,2  4,2  4,2  4,2
384,20080	4,2  8,5  8,5  8,5
384,20162	2,1  4,2  4,2  4,2  4,2  4,2  4,2  4,2  4,2  4,2  4,2  4,2  4,2  4,2  4,2  4,2
384,20163	4,2  8,5  8,5  8,5  8,5  8,5  8,5  8,5  8,5  8,5  16,14  16,14  16,14  16,14  16,14  16,14
384,20164	8,5
576,1369	4,1  8,2
576,1386	2,1  4,2
576,1967	2,1
576,2020	2,1
576,4968	2,1  4,2  4,2  4,2
576,5039	4,1
576,5135	4,1
576,5418	2,1  4,1  4,1
576,5424	2,1
576,5435	2,1
576,5501	4,1  8,2
576,5518	2,1  4,2
576,5617	2,1
576,5649	2,1
576,7428	4,2
576,7429	4,2
576,7443	4,2  4,2  4,2  4,2  4,2  4,2  4,2  4,2
576,8262	2,1  4,2  4,2  4,2  4,2  4,2  4,2  4,2
576,8263	4,2  8,5  8,5  8,5
576,8291	4,1  8,3  8,3
576,8295	4,1
576,8365	4,1
576,8423	2,1  4,1  4,1  4,1  4,1
576,8430	2,1
576,8456	2,1  4,2  4,2  4,2
576,8519	2,1
576,8652	16,11
576,8657	4,2  8,5  8,5  8,5  8,5  16,14
576,8658	4,1  8,3  8,3  8,3  8,3
576,8661	3,1
576,8665	4,1
576,8667	2,1  4,1  4,1  4,1  4,1  4,1  4,1  4,1  4,1  4,1  4,1  4,1  4,1  4,1  4,1  4,1  4,1  4,1  4,1  4,1  4,1  4,1  4,1  4,1  4,1
576,8669	2,1  4,2  4,2  4,2  4,2  4,2  4,2  4,2
576,8671	4,2  8,5  8,5  8,5
576,8674	2,1
640,571	2,1
640,5930	2,1
640,6187	2,1
640,19129	2,1
640,19480	2,1
640,21459	4,2  8,5  8,5  8,5  8,5  8,5  8,5  16,14  16,14  16,14
640,21479	2,1
640,21536	16,11  32,27
640,21537	4,2  8,5  8,5  8,5  8,5  8,5  8,5  8,5  8,5  8,5  8,5  8,5  8,5  16,14  16,14  16,14  16,14  16,14  16,14  16,14  16,14  16,14  16,14  16,14  16,14  16,14  16,14  16,14
640,21539	2,1
648,41	2,1
648,113	3,1
648,125	3,1
648,131	3,1
648,137	3,1
648,143	3,1
648,181	3,1  9,2  9,2  9,2
648,184	3,1
648,187	3,1
648,190	3,1
648,251	2,1  4,1
648,253	2,1  4,1  4,1  4,1
648,255	6,2
648,262	6,2
648,263	6,2
648,264	6,2
648,265	6,2
648,267	2,1
648,268	2,1
648,269	6,2
648,270	6,2
648,271	6,2
648,272	2,1
648,274	6,2
648,275	6,2
648,276	6,2
648,277	6,2
648,278	6,2
648,279	6,2
648,281	6,2  18,5  18,5  18,5
648,295	2,1
648,323	3,1
648,327	3,1
648,329	3,1
648,331	3,1
648,333	3,1
648,337	3,1  9,2  9,2  9,2
648,338	3,1
648,339	3,1
648,340	3,1
648,478	3,1
648,483	3,1
648,487	3,1
648,537	4,1
648,538	4,1
648,539	4,1
648,552	2,1  4,1
648,564	6,2
648,566	6,2
648,567	6,2
648,568	6,2
648,569	6,2
648,570	6,2
648,573	6,2
648,574	2,1
648,576	2,1
648,598	2,1
648,630	3,1
648,632	3,1
648,633	3,1
648,709	4,1
648,710	2,1  4,1
648,711	2,1  4,1  8,1
648,712	2,1  4,1
648,717	2,1  4,2
648,728	2,1  4,1
648,730	2,1  4,1  4,1  4,1
648,738	2,1
648,744	2,1
648,745	2,1
672,9	3,1
672,282	4,1
672,292	3,1
672,321	3,1
672,379	2,1
672,380	2,1
672,381	2,1
672,382	2,1
672,386	2,1
672,755	2,1
672,756	2,1
672,757	2,1
672,758	2,1
672,1080	2,1  4,2
672,1091	3,1
672,1257	2,1  8,5  8,5  8,5
672,1263	2,1  4,2  4,2  4,2
672,1265	4,2
672,1266	3,1
672,1270	2,1
720,121	2,1
720,392	4,2
720,397	2,1  4,2
720,401	2,1
720,462	2,1
720,486	2,1
720,564	2,1
720,578	2,1
720,585	2,1
720,765	4,1  8,3
720,776	2,1  4,2  8,2
720,777	4,1  8,2
720,780	4,1  8,3
720,786	5,1
720,788	4,2
720,800	4,1
720,801	4,1
720,806	2,1  4,2  4,2
720,812	2,1  4,1  4,1
720,817	2,1  4,2
720,824	2,1
720,826	2,1
720,827	2,1
800,71	2,1
800,207	2,1
800,383	4,2  8,5  8,5  8,5
800,385	2,1
800,431	2,1
800,463	2,1
800,496	2,1
800,521	2,1
800,546	2,1
800,964	4,1
800,977	4,1
800,1023	2,1  4,2  4,2
800,1028	2,1
800,1062	2,1  4,1  4,1
800,1063	2,1
800,1083	2,1
800,1096	2,1
800,1109	2,1
800,1193	4,1  8,2  8,2
800,1196	4,2  8,5  8,5  8,5
800,1198	4,1
800,1199	2,1  4,2  4,2  4,2  4,2
800,1202	2,1  4,1  4,1  4,1  4,1  4,1  4,1  4,1  4,1  4,1  4,1  4,1  4,1
800,1205	2,1
800,1206	2,1
800,1207	2,1
832,187	2,1
832,1025	2,1
832,1057	2,1
832,1584	2,1
832,1628	2,1
864,73	4,1
864,320	3,1
864,325	3,1
864,613	2,1  4,2
864,684	12,2
864,686	12,2
864,696	4,1
864,700	4,1
864,1315	2,1
864,1318	2,1
864,1321	2,1
864,1352	3,1
864,1361	3,1
864,1471	3,1
864,1478	3,1
864,1916	2,1  4,2  4,2  4,2
864,1917	4,2
864,2257	4,1
864,2303	6,2  12,5
864,2308	6,2  12,5
864,2335	2,1  4,2
864,2346	2,1  4,2
864,2568	3,1
864,2572	3,1
864,2775	2,1
864,3013	4,1
864,3061	2,1
864,3699	2,1
864,3700	2,1
864,3701	2,1
864,3994	4,2  8,5
864,3995	4,2  8,5
864,4006	4,1
864,4010	6,2  12,5  12,5  12,5
864,4012	6,2  12,5  12,5  12,5
864,4013	2,1  4,2  4,2  4,2
864,4014	2,1  4,2  4,2  4,2
864,4017	12,5
864,4019	12,5
864,4020	4,2
864,4021	4,2
864,4046	3,1
864,4047	3,1
864,4066	4,1
864,4207	4,1
864,4332	2,1  4,1  4,1
864,4334	2,1
864,4432	2,1  4,2
864,4480	2,1
864,4663	8,2
864,4667	4,2  8,2  8,2
864,4679	4,2  8,5
864,4683	4,1  8,3  8,3
864,4688	4,2  8,5
864,4697	4,1
864,4703	2,1  4,1  4,1  4,1  4,1
864,4707	2,1  4,2  4,2  4,2
864,4710	4,2
864,4716	2,1
896,5502	2,1
896,5503	2,1
896,5504	2,1
896,5505	2,1
896,19344	8,5  16,14  16,14  16,14  16,14  16,14  16,14  16,14  32,51  32,51  32,51  32,51  32,51  32,51  32,51
900,6	2,1
900,30	2,1
900,32	2,1
900,33	2,1
900,46	2,1  10,1  10,1
900,49	5,1
900,56	2,1
900,57	2,1
900,58	2,1
900,90	2,1  4,1  6,2  6,2  6,2  10,1  10,1
900,91	4,1
900,92	6,2
900,100	5,1
900,103	3,1
900,113	2,1
900,114	2,1
900,115	2,1
900,119	2,1
900,120	2,1
900,121	2,1
900,122	2,1
960,915	2,1
960,5748	5,1
960,5750	8,2
960,6299	4,1  8,2
960,6316	2,1  4,2
960,6542	2,1
960,6574	2,1
960,10913	4,2  8,5
960,11090	2,1  4,2  4,2  4,2
960,11177	2,1
960,11359	16,11
960,11363	16,11
960,11367	5,1
960,11368	4,2  8,5  8,5  8,5
960,11369	8,5
960,11375	4,2  8,5  8,5  8,5  8,5  8,5  8,5  16,14  16,14  16,14
960,11379	2,1  4,2  4,2  4,2  4,2  4,2  4,2  4,2
960,11381	4,2  8,5  8,5  8,5
960,11386	2,1
972,95	3,1  6,2
972,96	3,1  6,2
972,97	3,1  6,2
972,98	3,1  6,2
972,201	3,1
972,209	3,1
972,211	3,1
972,213	3,1
972,215	9,1
972,218	3,1
972,219	3,1
972,220	9,1
972,221	3,1
972,222	9,1
972,223	9,1
972,224	9,1
972,225	9,1
972,227	3,1
972,228	3,1
972,229	3,1
972,230	3,1
972,231	3,1
972,232	3,1
972,233	3,1
972,236	3,1  9,2  9,2  9,2  9,2  9,2  9,2  9,2  9,2  9,2
972,237	3,1
972,238	3,1
972,239	3,1  9,2  9,2  9,2
972,240	3,1
972,241	3,1
972,242	3,1
972,243	3,1
972,406	3,1  6,2
972,407	3,1  6,2
972,408	3,1  6,2
972,409	3,1  6,2
972,412	2,1
972,414	2,1  3,1  6,2  18,4  18,4  18,4  18,4  18,4  18,4  18,4  18,4  18,4
972,415	2,1  3,1  6,2
972,416	2,1  3,1  6,2
972,417	2,1
972,604	9,2
972,606	9,2
972,628	9,2
972,630	9,2
972,632	9,2
972,638	3,1
972,642	3,1
972,643	3,1
972,645	3,1
972,647	3,1
972,649	3,1
972,652	3,1
972,655	3,1
972,656	3,1
972,658	3,1
972,659	3,1
972,660	3,1
972,663	3,1
972,664	3,1
972,668	3,1
972,671	3,1
972,674	3,1
972,676	3,1
972,677	9,2
972,678	9,2
972,679	9,2
972,680	9,2
972,686	3,1  9,2  9,2  9,2  9,2  9,2  9,2  9,2  9,2  9,2
972,687	3,1
972,688	3,1
972,689	3,1
972,690	3,1  9,2  9,2  9,2
972,767	6,2
972,769	6,2
972,771	2,1
972,776	2,1  18,4  18,4  18,4  18,4  18,4  18,4  18,4  18,4  18,4  18,4
972,851	9,2
972,853	9,2
972,857	3,1
972,859	3,1
972,860	3,1
972,877	3,1  9,2  9,2  9,2  27,5  27,5
972,881	2,1
972,883	2,1
1008,278	3,1
1008,503	2,1  4,2
1008,585	2,1
1008,659	3,1
1008,695	2,1
1008,889	6,2  12,5
1008,893	4,1  8,3
1008,915	4,1
1008,921	2,1  4,1  4,1
1008,927	2,1  4,2
1008,930	3,1
1008,938	2,1
1056,219	4,1
1056,882	2,1  4,2
1056,1017	2,1  4,2  4,2  4,2
1056,1019	4,2
1080,53	2,1
1080,56	2,1
1080,211	3,1
1080,214	3,1
1080,266	4,1
1080,267	4,1
1080,294	6,2
1080,295	6,2
1080,299	2,1
1080,300	2,1
1080,320	6,2
1080,321	6,2
1080,322	2,1
1080,354	3,1
1080,355	3,1
1080,499	4,1
1080,500	4,1
1080,512	2,1  4,2
1080,533	2,1  4,1
1080,547	2,1
1080,556	2,1
1080,561	2,1
1080,562	2,1
1088,1475	2,1
1088,1495	2,1
1088,1558	2,1
1088,1611	2,1
1088,1630	2,1
1088,1639	4,1
1088,1661	4,1
1088,1672	4,1
1088,1676	8,1
1088,1681	8,1
1120,277	2,1
1120,965	2,1
1120,1081	4,2  8,5  8,5  8,5
1120,1087	2,1
1200,115	2,1
1200,193	4,2
1200,198	2,1  4,2
1200,202	2,1
1200,232	5,1
1200,247	3,1
1200,490	6,2
1200,495	2,1  6,2  10,1  10,1
1200,502	6,2
1200,561	2,1
1200,621	2,1
1200,663	5,1
1200,685	3,1
1200,740	2,1
1200,747	2,1
1200,754	2,1
1200,946	12,2  12,4  24,5
1200,947	4,1  16,13
1200,948	4,1  12,2
1200,949	12,2
1200,951	6,2  12,4  12,4
1200,957	4,1  8,2
1200,967	3,1
1200,968	2,1  6,2  10,1  10,1
1200,970	4,2
1200,971	4,2
1200,972	4,2
1200,973	4,2  20,4  20,4
1200,974	6,2
1200,979	4,1
1200,988	4,1
1200,994	2,1  4,2  4,2
1200,1005	2,1  4,1  4,1
1200,1007	5,1
1200,1010	2,1  4,2
1200,1011	10,2  20,5
1200,1012	3,1
1200,1022	2,1
1200,1023	2,1
1200,1024	2,1
1248,11	3,1
1248,286	6,2
1248,341	4,1
1248,351	3,1
1248,380	3,1
1248,438	2,1
1248,439	2,1
1248,440	2,1
1248,441	2,1
1248,445	2,1
1248,476	2,1
1248,864	2,1
1248,865	2,1
1248,866	2,1
1248,867	2,1
1248,1159	6,2
1248,1233	2,1  4,2
1248,1244	3,1
1248,1296	2,1
1248,1434	4,2  8,5
1248,1435	6,2
1248,1441	2,1  4,2  4,2  4,2
1248,1443	4,2
1248,1444	3,1
1248,1448	2,1
1248,1450	2,1
1296,252	3,1
1296,272	3,1
1296,282	3,1
1296,292	3,1
1296,302	3,1
1296,465	3,1  9,2  9,2  9,2
1296,470	3,1
1296,475	3,1
1296,480	3,1
1296,630	2,1  4,2
1296,660	2,1
1296,787	2,1
1296,1011	3,1
1296,1027	3,1
1296,1035	3,1
1296,1043	3,1
1296,1051	3,1
1296,1145	3,1  9,2  9,2  9,2
1296,1149	3,1
1296,1153	3,1
1296,1157	3,1
1296,1617	3,1
1296,1627	3,1
1296,1632	3,1
1296,1779	4,1  8,3
1296,1812	4,1
1296,1814	2,1  4,1  4,1  4,1  4,1  4,1  4,1
1296,1817	6,2  12,5
1296,1823	6,2  12,5
1296,1824	6,2  12,5
1296,1825	6,2  12,5
1296,1826	6,2  12,5
1296,1828	2,1  4,2
1296,1829	2,1  4,2
1296,1830	6,2  12,5
1296,1831	6,2  12,5
1296,1832	6,2  12,5
1296,1833	2,1  4,2
1296,1835	6,2  12,5
1296,1836	6,2  12,5
1296,1837	6,2  12,5
1296,1838	6,2  12,5
1296,1839	6,2  12,5
1296,1840	6,2  12,5
1296,1842	6,2  12,5  18,5  18,5  18,5  36,14  36,14  36,14
1296,1856	2,1
1296,1903	3,1
1296,1907	3,1
1296,1909	3,1
1296,1911	3,1
1296,1913	3,1
1296,1917	3,1  9,2  9,2  9,2
1296,1918	3,1
1296,1919	3,1
1296,1920	3,1
1296,1997	2,1
1296,2219	2,1
1296,2610	3,1
1296,2617	3,1
1296,2622	3,1
1296,2705	3,1  9,2
1296,2901	4,1  8,3
1296,2913	4,2
1296,2967	4,1
1296,2968	4,1
1296,2969	4,1
1296,2982	2,1  4,1  4,1
1296,2995	6,2  12,5
1296,2996	6,2  12,5
1296,2997	6,2  12,5
1296,2998	6,2  12,5
1296,2999	6,2  12,5
1296,3001	6,2  12,5
1296,3003	6,2  12,5
1296,3004	2,1  4,2
1296,3006	2,1  4,2
1296,3028	2,1
1296,3070	3,1
1296,3072	3,1
1296,3073	3,1
1296,3129	2,1
1296,3182	2,1
1296,3185	2,1
1296,3311	2,1
1296,3318	2,1
1296,3495	2,1  4,1  8,1
1296,3501	2,1  4,2  8,2
1296,3506	4,1  4,2  8,2
1296,3507	4,1  8,2
1296,3508	4,1  4,2  8,2
1296,3514	4,1  8,3
1296,3521	4,1  8,3
1296,3522	4,1  8,3
1296,3523	2,1  4,1  4,1  4,1  8,4  8,1  8,4
1296,3536	2,1  4,2  4,1  4,1  4,1  4,1  4,1  4,1  8,2  8,2  8,2
1296,3540	4,2
1296,3544	3,1  9,2
1296,3560	4,1
1296,3561	4,1
1296,3562	4,1
1296,3563	4,1
1296,3568	2,1  4,2  4,2
1296,3579	2,1  4,1  4,1
1296,3581	2,1  4,1  4,1  4,1  4,1  4,1  4,1
1296,3589	2,1  4,2
1296,3595	2,1
1296,3596	2,1
1344,10	3,1
1344,815	4,1
1344,816	4,1
1344,884	3,1
1344,1092	3,1
1344,6442	4,1  8,2
1344,6459	2,1  4,2
1344,6498	3,1
1344,6763	3,1
1344,6933	4,2
1344,6934	4,2
1344,6935	4,2
1344,6936	4,2
1344,6937	4,2
1344,6938	4,2
1344,6939	4,2
1344,6940	4,2
1344,10074	4,2
1344,10075	4,2
1344,10095	4,2  4,2  4,2  4,2  4,2  4,2  4,2  4,2
1344,11397	2,1  4,2  4,2  4,2
1344,11432	3,1
1344,11690	4,2  16,14  16,14
1344,11691	4,2  16,14  16,14  16,14
1344,11693	3,1  7,1
1344,11701	2,1  4,2  4,2  4,2  4,2  4,2  4,2  4,2
1344,11703	4,2  8,5  8,5  8,5
1344,11704	3,1
1440,258	4,1
1440,301	2,1
1440,1522	2,1  4,2
1440,1560	2,1
1440,1853	2,1
1440,1946	2,1
1440,2533	4,1
1440,2613	2,1
1440,2663	2,1
1440,2688	2,1
1440,4567	4,2  8,5
1440,4571	4,2  8,5  8,5  8,5
1440,4575	2,1  4,2  4,2  4,2
1440,4577	4,2
1440,4582	2,1
1440,4690	2,1
1440,4695	4,1
1440,4711	4,1
1440,4935	4,1
1440,4942	4,1
1440,5075	2,1  4,2  4,2
1440,5079	2,1
1440,5210	2,1  4,1  4,1
1440,5212	2,1
1440,5397	2,1  4,2
1440,5470	2,1
1440,5496	2,1
1440,5509	2,1
1440,5844	4,1  8,3  8,3
1440,5856	8,2  16,11
1440,5862	10,1
1440,5877	4,2  8,5
1440,5882	2,1  4,2  4,2  8,2  8,2
1440,5883	4,1  8,2  8,2
1440,5886	4,1  8,3  8,3
1440,5894	4,2  8,5
1440,5906	4,2  8,5  8,5  8,5
1440,5911	4,1
1440,5912	4,1
1440,5917	2,1  4,2  4,2  4,2  4,2
1440,5923	2,1  4,1  4,1  4,1  4,1
1440,5928	2,1  4,2  4,2  4,2
1440,5932	4,2
1440,5942	2,1
1440,5944	2,1
1440,5945	2,1
1458,511	3,1  9,2  9,2  9,2  9,2  9,2  9,2  9,2  9,2  9,2
1458,514	3,1
1458,517	3,1
1458,519	3,1
1458,520	3,1
1458,521	3,1
1458,524	3,1
1458,527	3,1
1458,530	3,1
1458,531	3,1
1458,532	3,1
1458,533	3,1
1458,534	3,1
1458,537	3,1
1458,540	3,1
1458,543	3,1
1458,546	3,1
1458,549	3,1
1458,552	3,1
1458,557	9,1
1458,559	9,1
1458,562	3,1
1458,563	3,1
1458,566	3,1
1458,569	3,1
1458,570	9,1
1458,571	9,1
1458,572	9,1
1458,573	9,1
1458,577	9,1
1458,578	9,1
1458,579	9,2
1458,581	9,2
1458,582	9,1
1458,584	9,1
1458,586	9,1
1458,588	9,2
1458,589	9,1
1458,591	9,2
1458,592	9,1
1458,595	9,1
1458,597	9,1
1458,599	9,1
1458,602	9,1
1458,603	9,1
1458,604	9,1
1458,610	9,1
1458,612	3,1
1458,614	3,1  9,2  9,2  9,2
1458,616	3,1
1458,617	3,1
1458,619	3,1
1458,620	3,1
1458,621	9,1
1458,622	9,2  27,5  27,5  27,5
1458,624	9,1
1458,625	9,2  27,5  27,5  27,5
1458,626	9,2  27,5  27,5  27,5
1458,627	9,2
1458,628	9,2
1458,629	9,1
1458,630	9,1
1458,631	9,1
1458,633	9,1
1458,634	9,1
1458,635	9,1  27,2  27,2  27,2
1458,636	9,1
1458,639	9,1
1458,641	9,1  27,2  27,2  27,2
1458,642	9,1
1458,643	9,1
1458,644	9,1
1458,647	3,1
1458,649	3,1
1458,657	3,1
1458,658	3,1
1458,660	9,1
1458,661	9,1
1458,662	3,1
1458,664	9,1
1458,665	3,1
1458,667	9,1
1458,668	9,1
1458,669	9,1
1458,670	9,1
1458,683	3,1
1458,693	9,2
1458,712	3,1
1458,721	3,1
1458,730	3,1
1458,762	3,1
1458,768	3,1
1458,773	3,1
1458,780	3,1
1458,782	3,1
1458,786	3,1
1458,793	3,1
1458,796	3,1
1458,800	3,1
1458,804	3,1
1458,805	3,1
1458,808	9,2
1458,809	9,2
1458,812	9,2
1458,813	9,2
1458,816	9,2
1458,817	9,2
1458,819	9,2
1458,822	9,2
1458,823	9,2
1458,826	9,2
1458,827	9,2
1458,829	9,2
1458,832	9,2
1458,833	9,2
1458,834	9,2
1458,836	9,2
1458,839	9,2
1458,840	9,2
1458,841	9,2
1458,842	9,2
1458,843	9,2
1458,844	9,2
1458,845	9,2
1458,846	9,2
1458,849	9,2
1458,850	9,2
1458,853	9,2
1458,859	9,2
1458,860	9,2
1458,863	9,2
1458,864	9,2
1458,867	9,2
1458,868	9,2
1458,872	9,2
1458,874	9,2
1458,878	9,2
1458,882	9,2
1458,883	9,2
1458,886	9,2
1458,887	9,2
1458,890	9,2
1458,891	9,2
1458,893	9,2
1458,894	9,2
1458,895	9,2
1458,899	9,2
1458,900	9,2
1458,902	9,2
1458,904	9,2
1458,905	9,2
1458,906	9,2
1458,907	9,2
1458,908	9,2
1458,911	9,2
1458,912	9,2
1458,914	9,2
1458,917	9,2
1458,920	9,2
1458,921	9,2
1458,922	9,2
1458,924	9,2
1458,939	3,1
1458,942	3,1
1458,947	3,1
1458,951	9,2
1458,954	3,1
1458,962	3,1  9,2  9,2  9,2  9,2  9,2  9,2  9,2  9,2  9,2  9,2  9,2  9,2  9,2  9,2  9,2  9,2  9,2  9,2  9,2  9,2  9,2  9,2  9,2  9,2  9,2  9,2  9,2
1458,969	3,1
1458,976	3,1
1458,979	3,1  9,2  9,2  9,2  9,2  9,2  9,2  9,2  9,2  9,2
1458,982	9,2
1458,985	9,2
1458,988	9,2
1458,992	3,1  9,2  9,2  9,2  9,2  9,2  9,2  9,2  9,2  9,2
1458,993	9,2
1458,998	3,1
1458,1000	3,1
1458,1003	3,1
1458,1005	3,1
1458,1006	3,1
1458,1008	9,2
1458,1009	9,2
1458,1010	9,2
1458,1016	3,1
1458,1018	3,1
1458,1020	9,2
1458,1021	9,2
1458,1026	3,1
1458,1028	3,1
1458,1030	9,2
1458,1031	9,2
1458,1039	9,1
1458,1040	9,1
1458,1042	3,1
1458,1046	3,1
1458,1049	3,1
1458,1054	3,1
1458,1058	3,1
1458,1061	3,1
1458,1063	3,1  9,2  9,2  9,2  9,2  9,2  9,2  9,2  9,2  9,2
1458,1068	3,1
1458,1070	3,1
1458,1075	3,1
1458,1077	3,1
1458,1081	3,1
1458,1093	3,1
1458,1094	3,1  9,2  9,2  9,2
1458,1099	3,1
1458,1103	3,1
1458,1106	3,1
1458,1109	3,1
1458,1112	9,2  27,5  27,5  27,5  27,5  27,5  27,5  27,5  27,5  27,5
1458,1116	3,1
1458,1119	9,2
1458,1123	3,1
1458,1126	9,2
1458,1129	9,2
1458,1131	3,1
1458,1136	9,2
1458,1139	9,2
1458,1142	9,2
1458,1143	9,2
1458,1148	9,2
1458,1150	9,2
1458,1155	9,2
1458,1157	9,2
1458,1162	9,2
1458,1164	9,2
1458,1167	9,2
1458,1170	9,2
1458,1173	9,2
1458,1178	27,3
1458,1181	9,2  27,5  27,5  27,5
1458,1182	9,2
1458,1184	9,2
1458,1188	9,2
1458,1189	9,2
1458,1190	9,2
1458,1191	9,2
1458,1192	27,3
1458,1194	9,2  27,5  27,5  27,5
1458,1195	9,2
1458,1197	9,2
1458,1198	9,2
1458,1200	9,2  27,5  27,5  27,5
1458,1201	9,2
1458,1203	9,2
1458,1204	9,2
1458,1206	9,2  27,5  27,5  27,5
1458,1207	9,2  27,5  27,5  27,5
1458,1208	9,2  27,5  27,5  27,5
1458,1210	9,2
1458,1211	9,2
1458,1213	9,2
1458,1214	9,2
1458,1216	9,2
1458,1217	9,2
1458,1219	9,2
1458,1220	9,2
1458,1224	9,2
1458,1225	9,2
1458,1226	9,2
1458,1227	9,2
1458,1230	9,2
1458,1231	9,2  27,5  27,5  27,5
1458,1232	9,2
1458,1234	9,2
1458,1235	9,2  27,5  27,5  27,5
1458,1237	9,2
1458,1238	9,2
1458,1240	9,2
1458,1241	9,2
1458,1244	9,2  27,5  27,5  27,5  27,5  27,5  27,5  27,5  27,5  27,5
1458,1248	9,2
1458,1251	9,2
1458,1254	9,2
1458,1258	9,2
1458,1261	9,2
1458,1264	9,2
1458,1268	9,2
1458,1271	9,2
1458,1273	9,2
1458,1274	9,2
1458,1276	9,2
1458,1277	9,2
1458,1279	9,2
1458,1280	9,2
1458,1282	9,2
1458,1283	9,2
1458,1284	9,2
1458,1287	3,1
1458,1290	3,1
1458,1293	3,1
1458,1314	9,2
1458,1316	9,2
1458,1318	9,2
1458,1320	9,2
1458,1322	9,2
1458,1324	9,2
1458,1326	3,1
1458,1327	9,2
1458,1329	9,2
1458,1330	3,1
1458,1331	9,2
1458,1332	9,2
1458,1333	9,2
1458,1334	9,2
1458,1335	9,2
1458,1336	9,2
1458,1337	9,2
1458,1338	9,2
1458,1339	9,2
1458,1340	9,2
1458,1341	9,2
1458,1342	9,2
1458,1343	9,1  27,2  27,2  27,2
1458,1344	9,1
1458,1345	9,1
1458,1353	3,1
1458,1355	3,1
1458,1358	3,1
1458,1361	3,1
1458,1363	9,1
1458,1368	9,1
1458,1369	3,1
1458,1370	9,1  27,2  27,2  27,2
1458,1372	9,2
1458,1373	9,2
1458,1374	9,1
1458,1376	9,1
1458,1377	9,1
1458,1380	9,1
1458,1383	9,1
1458,1386	9,1
1458,1387	9,1
1458,1388	9,1
1458,1389	9,1
1458,1390	9,1
1458,1391	9,1
1458,1392	9,1  27,2  27,2  27,2
1458,1393	9,2
1458,1394	27,4
1458,1396	27,4
1458,1397	9,2
1458,1413	3,1
1458,1426	3,1
1458,1435	3,1
1458,1446	3,1
1458,1449	3,1
1458,1454	9,2
1458,1459	9,2
1458,1465	3,1
1458,1469	9,2
1458,1477	9,2
1458,1486	3,1
1458,1489	3,1
1458,1496	3,1
1458,1497	9,2
1458,1508	9,2
1458,1514	3,1
1458,1519	3,1
1458,1522	3,1
1458,1527	3,1
1458,1528	3,1
1458,1535	3,1
1458,1538	3,1
1458,1541	9,2
1458,1546	9,2
1458,1549	9,2
1458,1552	9,2
1458,1555	9,2
1458,1558	9,2
1458,1563	9,2
1458,1566	9,2
1458,1569	9,2
1458,1577	9,2
1458,1582	9,2
1458,1587	9,2
1458,1589	9,2
1458,1592	9,2
1458,1595	9,2
1458,1596	9,2